Van der Pol Oscillator – Simulation Results
-----------------------------------------
mu = 1, dt = 0.01, final time = 20

t	 y(real)
-------------------------
0	 1.000000
1	 1.000000
2	 0.999893
3	 0.999680
4	 0.999374
5	 0.998962
6	 0.998459
7	 0.997849
8	 0.997147
9	 0.996338
10	 0.995438
11	 0.994431
12	 0.993332
13	 0.992126
14	 0.990829
15	 0.989426
16	 0.987930
17	 0.986328
18	 0.984634
19	 0.982834
20	 0.980942
21	 0.978943
22	 0.976852
23	 0.974655
24	 0.972366
25	 0.969971
26	 0.967484
27	 0.964890
28	 0.962204
29	 0.959412
30	 0.956528
31	 0.953552
32	 0.950470
33	 0.947296
34	 0.944016
35	 0.940643
36	 0.937180
37	 0.933609
38	 0.929947
39	 0.926178
40	 0.922318
41	 0.918365
42	 0.914307
43	 0.910156
44	 0.905899
45	 0.901550
46	 0.897110
47	 0.892563
48	 0.887924
49	 0.883179
50	 0.878342
51	 0.873398
52	 0.868362
53	 0.863235
54	 0.858002
55	 0.852676
56	 0.847244
57	 0.841721
58	 0.836090
59	 0.830353
60	 0.824524
61	 0.818588
62	 0.812561
63	 0.806427
64	 0.800201
65	 0.793869
66	 0.787430
67	 0.780899
68	 0.774261
69	 0.767517
70	 0.760666
71	 0.753723
72	 0.746674
73	 0.739517
74	 0.732254
75	 0.724884
76	 0.717407
77	 0.709824
78	 0.702133
79	 0.694336
80	 0.686432
81	 0.678421
82	 0.670303
83	 0.662064
84	 0.653717
85	 0.645264
86	 0.636688
87	 0.628006
88	 0.619217
89	 0.610306
90	 0.601288
91	 0.592148
92	 0.582886
93	 0.573517
94	 0.564026
95	 0.554413
96	 0.544678
97	 0.534821
98	 0.524841
99	 0.514740
100	 0.504517
101	 0.494171
102	 0.483704
103	 0.473099
104	 0.462372
105	 0.451523
106	 0.440536
107	 0.429428
108	 0.418182
109	 0.406799
110	 0.395294
111	 0.383652
112	 0.371872
113	 0.359955
114	 0.347900
115	 0.335709
116	 0.323380
117	 0.310913
118	 0.298294
119	 0.285538
120	 0.272629
121	 0.259583
122	 0.246384
123	 0.233047
124	 0.219559
125	 0.205917
126	 0.192139
127	 0.178207
128	 0.164124
129	 0.149887
130	 0.135498
131	 0.120956
132	 0.106262
133	 0.091415
134	 0.076401
135	 0.061234
136	 0.045914
137	 0.030441
138	 0.014801
139	 -0.000992
140	 -0.016937
141	 -0.033051
142	 -0.049316
143	 -0.065735
144	 -0.082321
145	 -0.099060
146	 -0.115952
147	 -0.132996
148	 -0.150208
149	 -0.167572
150	 -0.185089
151	 -0.202759
152	 -0.220581
153	 -0.238556
154	 -0.256668
155	 -0.274933
156	 -0.293335
157	 -0.311890
158	 -0.330582
159	 -0.349411
160	 -0.368378
161	 -0.387482
162	 -0.406708
163	 -0.426071
164	 -0.445557
165	 -0.465149
166	 -0.484863
167	 -0.504684
168	 -0.524612
169	 -0.544647
170	 -0.564774
171	 -0.584991
172	 -0.605301
173	 -0.625687
174	 -0.646133
175	 -0.666656
176	 -0.687241
177	 -0.707870
178	 -0.728546
179	 -0.749268
180	 -0.770020
181	 -0.790787
182	 -0.811569
183	 -0.832352
184	 -0.853134
185	 -0.873901
186	 -0.894653
187	 -0.915375
188	 -0.936050
189	 -0.956680
190	 -0.977249
191	 -0.997757
192	 -1.018173
193	 -1.038498
194	 -1.058731
195	 -1.078857
196	 -1.098862
197	 -1.118729
198	 -1.138458
199	 -1.158035
200	 -1.177444
201	 -1.196686
202	 -1.215744
203	 -1.234604
204	 -1.253250
205	 -1.271683
206	 -1.289902
207	 -1.307892
208	 -1.325638
209	 -1.343140
210	 -1.360382
211	 -1.377350
212	 -1.394043
213	 -1.410461
214	 -1.426590
215	 -1.442413
216	 -1.457947
217	 -1.473160
218	 -1.488068
219	 -1.502655
220	 -1.516922
221	 -1.530853
222	 -1.544464
223	 -1.557739
224	 -1.570679
225	 -1.583282
226	 -1.595535
227	 -1.607452
228	 -1.619019
229	 -1.630249
230	 -1.641129
231	 -1.651672
232	 -1.661865
233	 -1.671707
234	 -1.681213
235	 -1.690384
236	 -1.699219
237	 -1.707718
238	 -1.715881
239	 -1.723709
240	 -1.731216
241	 -1.738388
242	 -1.745239
243	 -1.751785
244	 -1.758011
245	 -1.763931
246	 -1.769547
247	 -1.774857
248	 -1.779877
249	 -1.784607
250	 -1.789047
251	 -1.793213
252	 -1.797104
253	 -1.800720
254	 -1.804077
255	 -1.807175
256	 -1.810013
257	 -1.812607
258	 -1.814957
259	 -1.817062
260	 -1.818924
261	 -1.820557
262	 -1.821976
263	 -1.823166
264	 -1.824142
265	 -1.824921
266	 -1.825485
267	 -1.825851
268	 -1.826019
269	 -1.826004
270	 -1.825806
271	 -1.825424
272	 -1.824860
273	 -1.824127
274	 -1.823227
275	 -1.822159
276	 -1.820923
277	 -1.819534
278	 -1.817993
279	 -1.816299
280	 -1.814468
281	 -1.812485
282	 -1.810364
283	 -1.808105
284	 -1.805725
285	 -1.803207
286	 -1.800568
287	 -1.797806
288	 -1.794922
289	 -1.791916
290	 -1.788803
291	 -1.785568
292	 -1.782227
293	 -1.778778
294	 -1.775223
295	 -1.771576
296	 -1.767822
297	 -1.763977
298	 -1.760025
299	 -1.755981
300	 -1.751846
301	 -1.747620
302	 -1.743301
303	 -1.738907
304	 -1.734421
305	 -1.729858
306	 -1.725204
307	 -1.720474
308	 -1.715668
309	 -1.710785
310	 -1.705826
311	 -1.700790
312	 -1.695679
313	 -1.690491
314	 -1.685226
315	 -1.679886
316	 -1.674484
317	 -1.669006
318	 -1.663467
319	 -1.657852
320	 -1.652176
321	 -1.646439
322	 -1.640625
323	 -1.634750
324	 -1.628815
325	 -1.622818
326	 -1.616745
327	 -1.610611
328	 -1.604416
329	 -1.598160
330	 -1.591843
331	 -1.585464
332	 -1.579025
333	 -1.572525
334	 -1.565964
335	 -1.559341
336	 -1.552658
337	 -1.545929
338	 -1.539139
339	 -1.532288
340	 -1.525375
341	 -1.518402
342	 -1.511368
343	 -1.504272
344	 -1.497116
345	 -1.489914
346	 -1.482651
347	 -1.475327
348	 -1.467941
349	 -1.460495
350	 -1.452988
351	 -1.445419
352	 -1.437790
353	 -1.430099
354	 -1.422348
355	 -1.414536
356	 -1.406662
357	 -1.398727
358	 -1.390732
359	 -1.382675
360	 -1.374557
361	 -1.366379
362	 -1.358139
363	 -1.349838
364	 -1.341476
365	 -1.333038
366	 -1.324539
367	 -1.315979
368	 -1.307343
369	 -1.298645
370	 -1.289886
371	 -1.281052
372	 -1.272156
373	 -1.263184
374	 -1.254150
375	 -1.245041
376	 -1.235855
377	 -1.226608
378	 -1.217285
379	 -1.207886
380	 -1.198410
381	 -1.188858
382	 -1.179230
383	 -1.169525
384	 -1.159744
385	 -1.149887
386	 -1.139954
387	 -1.129929
388	 -1.119827
389	 -1.109634
390	 -1.099365
391	 -1.089005
392	 -1.078568
393	 -1.068039
394	 -1.057419
395	 -1.046707
396	 -1.035919
397	 -1.025024
398	 -1.014038
399	 -1.002960
400	 -0.991791
401	 -0.980530
402	 -0.969162
403	 -0.957703
404	 -0.946136
405	 -0.934464
406	 -0.922684
407	 -0.910812
408	 -0.898834
409	 -0.886734
410	 -0.874527
411	 -0.862213
412	 -0.849777
413	 -0.837234
414	 -0.824570
415	 -0.811783
416	 -0.798889
417	 -0.785873
418	 -0.772736
419	 -0.759460
420	 -0.746063
421	 -0.732529
422	 -0.718872
423	 -0.705078
424	 -0.691147
425	 -0.677078
426	 -0.662872
427	 -0.648529
428	 -0.634048
429	 -0.619415
430	 -0.604630
431	 -0.589706
432	 -0.574631
433	 -0.559402
434	 -0.544006
435	 -0.528458
436	 -0.512756
437	 -0.496887
438	 -0.480850
439	 -0.464645
440	 -0.448273
441	 -0.431732
442	 -0.415024
443	 -0.398132
444	 -0.381073
445	 -0.363831
446	 -0.346405
447	 -0.328796
448	 -0.311005
449	 -0.293015
450	 -0.274841
451	 -0.256470
452	 -0.237915
453	 -0.219162
454	 -0.200211
455	 -0.181061
456	 -0.161713
457	 -0.142166
458	 -0.122406
459	 -0.102448
460	 -0.082291
461	 -0.061920
462	 -0.041336
463	 -0.020554
464	 0.000443
465	 0.021652
466	 0.043060
467	 0.064682
468	 0.086517
469	 0.108566
470	 0.130814
471	 0.153275
472	 0.175949
473	 0.198822
474	 0.221893
475	 0.245178
476	 0.268661
477	 0.292328
478	 0.316193
479	 0.340256
480	 0.364502
481	 0.388931
482	 0.413528
483	 0.438309
484	 0.463257
485	 0.488358
486	 0.513626
487	 0.539032
488	 0.564575
489	 0.590256
490	 0.616058
491	 0.641983
492	 0.668015
493	 0.694138
494	 0.720352
495	 0.746643
496	 0.772995
497	 0.799393
498	 0.825836
499	 0.852310
500	 0.878799
501	 0.905289
502	 0.931763
503	 0.958206
504	 0.984604
505	 1.010941
506	 1.037201
507	 1.063354
508	 1.089401
509	 1.115326
510	 1.141113
511	 1.166733
512	 1.192184
513	 1.217438
514	 1.242477
515	 1.267288
516	 1.291855
517	 1.316162
518	 1.340195
519	 1.363922
520	 1.387344
521	 1.410446
522	 1.433197
523	 1.455597
524	 1.477631
525	 1.499283
526	 1.520538
527	 1.541397
528	 1.561829
529	 1.581833
530	 1.601410
531	 1.620529
532	 1.639206
533	 1.657410
534	 1.675156
535	 1.692429
536	 1.709229
537	 1.725540
538	 1.741364
539	 1.756699
540	 1.771561
541	 1.785934
542	 1.799820
543	 1.813217
544	 1.826126
545	 1.838562
546	 1.850510
547	 1.861984
548	 1.872986
549	 1.883530
550	 1.893616
551	 1.903244
552	 1.912430
553	 1.921173
554	 1.929489
555	 1.937378
556	 1.944855
557	 1.951920
558	 1.958588
559	 1.964859
560	 1.970749
561	 1.976257
562	 1.981415
563	 1.986206
564	 1.990646
565	 1.994751
566	 1.998535
567	 2.001984
568	 2.005127
569	 2.007965
570	 2.010513
571	 2.012772
572	 2.014755
573	 2.016464
574	 2.017914
575	 2.019104
576	 2.020050
577	 2.020752
578	 2.021225
579	 2.021484
580	 2.021515
581	 2.021347
582	 2.020966
583	 2.020386
584	 2.019623
585	 2.018677
586	 2.017548
587	 2.016251
588	 2.014786
589	 2.013153
590	 2.011368
591	 2.009430
592	 2.007339
593	 2.005112
594	 2.002747
595	 2.000244
596	 1.997620
597	 1.994873
598	 1.992004
599	 1.989014
600	 1.985916
601	 1.982697
602	 1.979370
603	 1.975952
604	 1.972427
605	 1.968811
606	 1.965088
607	 1.961273
608	 1.957367
609	 1.953384
610	 1.949310
611	 1.945160
612	 1.940918
613	 1.936600
614	 1.932205
615	 1.927734
616	 1.923203
617	 1.918594
618	 1.913910
619	 1.909164
620	 1.904358
621	 1.899475
622	 1.894531
623	 1.889526
624	 1.884460
625	 1.879333
626	 1.874161
627	 1.868927
628	 1.863632
629	 1.858276
630	 1.852875
631	 1.847412
632	 1.841904
633	 1.836334
634	 1.830719
635	 1.825058
636	 1.819336
637	 1.813568
638	 1.807755
639	 1.801895
640	 1.795990
641	 1.790039
642	 1.784042
643	 1.778000
644	 1.771896
645	 1.765747
646	 1.759552
647	 1.753326
648	 1.747055
649	 1.740738
650	 1.734375
651	 1.727966
652	 1.721512
653	 1.715012
654	 1.708466
655	 1.701874
656	 1.695236
657	 1.688553
658	 1.681839
659	 1.675079
660	 1.668274
661	 1.661423
662	 1.654526
663	 1.647583
664	 1.640594
665	 1.633560
666	 1.626480
667	 1.619370
668	 1.612213
669	 1.605011
670	 1.597763
671	 1.590469
672	 1.583130
673	 1.575745
674	 1.568314
675	 1.560837
676	 1.553314
677	 1.545746
678	 1.538116
679	 1.530441
680	 1.522720
681	 1.514954
682	 1.507141
683	 1.499283
684	 1.491364
685	 1.483398
686	 1.475388
687	 1.467316
688	 1.459198
689	 1.451035
690	 1.442810
691	 1.434540
692	 1.426208
693	 1.417831
694	 1.409393
695	 1.400909
696	 1.392365
697	 1.383759
698	 1.375092
699	 1.366379
700	 1.357605
701	 1.348770
702	 1.339874
703	 1.330917
704	 1.321899
705	 1.312820
706	 1.303680
707	 1.294479
708	 1.285217
709	 1.275879
710	 1.266479
711	 1.257019
712	 1.247482
713	 1.237885
714	 1.228210
715	 1.218475
716	 1.208664
717	 1.198776
718	 1.188812
719	 1.178772
720	 1.168671
721	 1.158478
722	 1.148209
723	 1.137863
724	 1.127441
725	 1.116943
726	 1.106354
727	 1.095688
728	 1.084930
729	 1.074097
730	 1.063171
731	 1.052155
732	 1.041046
733	 1.029846
734	 1.018555
735	 1.007172
736	 0.995697
737	 0.984131
738	 0.972458
739	 0.960693
740	 0.948822
741	 0.936844
742	 0.924774
743	 0.912598
744	 0.900314
745	 0.887924
746	 0.875412
747	 0.862793
748	 0.850067
749	 0.837219
750	 0.824249
751	 0.811157
752	 0.797943
753	 0.784607
754	 0.771149
755	 0.757568
756	 0.743851
757	 0.730011
758	 0.716034
759	 0.701920
760	 0.687668
761	 0.673279
762	 0.658752
763	 0.644089
764	 0.629272
765	 0.614319
766	 0.599213
767	 0.583954
768	 0.568542
769	 0.552963
770	 0.537231
771	 0.521347
772	 0.505295
773	 0.489075
774	 0.472687
775	 0.456131
776	 0.439407
777	 0.422501
778	 0.405426
779	 0.388168
780	 0.370728
781	 0.353104
782	 0.335297
783	 0.317307
784	 0.299118
785	 0.280746
786	 0.262177
787	 0.243408
788	 0.224457
789	 0.205292
790	 0.185928
791	 0.166367
792	 0.146606
793	 0.126633
794	 0.106461
795	 0.086075
796	 0.065475
797	 0.044678
798	 0.023666
799	 0.002441
800	 -0.018997
801	 -0.040649
802	 -0.062515
803	 -0.084595
804	 -0.106888
805	 -0.129379
806	 -0.152084
807	 -0.175003
808	 -0.198135
809	 -0.221466
810	 -0.244995
811	 -0.268738
812	 -0.292679
813	 -0.316818
814	 -0.341141
815	 -0.365662
816	 -0.390366
817	 -0.415253
818	 -0.440308
819	 -0.465530
820	 -0.490921
821	 -0.516464
822	 -0.542160
823	 -0.567993
824	 -0.593964
825	 -0.620056
826	 -0.646271
827	 -0.672592
828	 -0.699005
829	 -0.725510
830	 -0.752090
831	 -0.778732
832	 -0.805420
833	 -0.832153
834	 -0.858902
835	 -0.885666
836	 -0.912430
837	 -0.939178
838	 -0.965881
839	 -0.992538
840	 -1.019135
841	 -1.045654
842	 -1.072067
843	 -1.098373
844	 -1.124542
845	 -1.150558
846	 -1.176407
847	 -1.202072
848	 -1.227539
849	 -1.252792
850	 -1.277802
851	 -1.302567
852	 -1.327057
853	 -1.351257
854	 -1.375168
855	 -1.398758
856	 -1.422012
857	 -1.444916
858	 -1.467453
859	 -1.489609
860	 -1.511368
861	 -1.532730
862	 -1.553680
863	 -1.574203
864	 -1.594284
865	 -1.613922
866	 -1.633102
867	 -1.651825
868	 -1.670074
869	 -1.687836
870	 -1.705124
871	 -1.721924
872	 -1.738235
873	 -1.754059
874	 -1.769379
875	 -1.784210
876	 -1.798553
877	 -1.812393
878	 -1.825745
879	 -1.838608
880	 -1.850983
881	 -1.862869
882	 -1.874283
883	 -1.885223
884	 -1.895691
885	 -1.905701
886	 -1.915253
887	 -1.924347
888	 -1.932999
889	 -1.941223
890	 -1.949020
891	 -1.956390
892	 -1.963364
893	 -1.969925
894	 -1.976105
895	 -1.981888
896	 -1.987305
897	 -1.992355
898	 -1.997040
899	 -2.001389
900	 -2.005402
901	 -2.009079
902	 -2.012436
903	 -2.015488
904	 -2.018234
905	 -2.020676
906	 -2.022842
907	 -2.024734
908	 -2.026352
909	 -2.027710
910	 -2.028809
911	 -2.029663
912	 -2.030289
913	 -2.030685
914	 -2.030853
915	 -2.030807
916	 -2.030563
917	 -2.030106
918	 -2.029465
919	 -2.028625
920	 -2.027603
921	 -2.026413
922	 -2.025055
923	 -2.023529
924	 -2.021835
925	 -2.019989
926	 -2.017990
927	 -2.015854
928	 -2.013580
929	 -2.011169
930	 -2.008621
931	 -2.005951
932	 -2.003159
933	 -2.000244
934	 -1.997223
935	 -1.994080
936	 -1.990829
937	 -1.987473
938	 -1.984024
939	 -1.980469
940	 -1.976822
941	 -1.973083
942	 -1.969254
943	 -1.965332
944	 -1.961319
945	 -1.957230
946	 -1.953064
947	 -1.948807
948	 -1.944473
949	 -1.940079
950	 -1.935608
951	 -1.931061
952	 -1.926453
953	 -1.921768
954	 -1.917023
955	 -1.912201
956	 -1.907318
957	 -1.902374
958	 -1.897369
959	 -1.892303
960	 -1.887192
961	 -1.882019
962	 -1.876785
963	 -1.871506
964	 -1.866165
965	 -1.860764
966	 -1.855316
967	 -1.849823
968	 -1.844269
969	 -1.838669
970	 -1.833023
971	 -1.827332
972	 -1.821579
973	 -1.815781
974	 -1.809937
975	 -1.804047
976	 -1.798111
977	 -1.792130
978	 -1.786102
979	 -1.780029
980	 -1.773911
981	 -1.767746
982	 -1.761536
983	 -1.755280
984	 -1.748978
985	 -1.742645
986	 -1.736267
987	 -1.729843
988	 -1.723373
989	 -1.716858
990	 -1.710297
991	 -1.703705
992	 -1.697067
993	 -1.690384
994	 -1.683655
995	 -1.676880
996	 -1.670059
997	 -1.663208
998	 -1.656311
999	 -1.649368
1000	 -1.642380
1001	 -1.635345
1002	 -1.628265
1003	 -1.621155
1004	 -1.613998
1005	 -1.606796
1006	 -1.599548
1007	 -1.592255
1008	 -1.584915
1009	 -1.577530
1010	 -1.570099
1011	 -1.562622
1012	 -1.555099
1013	 -1.547531
1014	 -1.539917
1015	 -1.532257
1016	 -1.524551
1017	 -1.516800
1018	 -1.508987
1019	 -1.501129
1020	 -1.493225
1021	 -1.485275
1022	 -1.477264
1023	 -1.469208
1024	 -1.461105
1025	 -1.452942
1026	 -1.444733
1027	 -1.436478
1028	 -1.428162
1029	 -1.419800
1030	 -1.411377
1031	 -1.402893
1032	 -1.394363
1033	 -1.385773
1034	 -1.377121
1035	 -1.368423
1036	 -1.359665
1037	 -1.350845
1038	 -1.341965
1039	 -1.333023
1040	 -1.324020
1041	 -1.314957
1042	 -1.305832
1043	 -1.296646
1044	 -1.287399
1045	 -1.278091
1046	 -1.268707
1047	 -1.259262
1048	 -1.249756
1049	 -1.240173
1050	 -1.230530
1051	 -1.220810
1052	 -1.211014
1053	 -1.201157
1054	 -1.191223
1055	 -1.181213
1056	 -1.171127
1057	 -1.160965
1058	 -1.150726
1059	 -1.140411
1060	 -1.130020
1061	 -1.119553
1062	 -1.108994
1063	 -1.098358
1064	 -1.087631
1065	 -1.076828
1066	 -1.065933
1067	 -1.054947
1068	 -1.043869
1069	 -1.032715
1070	 -1.021469
1071	 -1.010117
1072	 -0.998672
1073	 -0.987137
1074	 -0.975510
1075	 -0.963776
1076	 -0.951950
1077	 -0.940018
1078	 -0.927979
1079	 -0.915833
1080	 -0.903580
1081	 -0.891220
1082	 -0.878754
1083	 -0.866180
1084	 -0.853485
1085	 -0.840683
1086	 -0.827759
1087	 -0.814713
1088	 -0.801544
1089	 -0.788254
1090	 -0.774841
1091	 -0.761307
1092	 -0.747635
1093	 -0.733841
1094	 -0.719910
1095	 -0.705841
1096	 -0.691650
1097	 -0.677322
1098	 -0.662842
1099	 -0.648224
1100	 -0.633469
1101	 -0.618561
1102	 -0.603500
1103	 -0.588287
1104	 -0.572922
1105	 -0.557404
1106	 -0.541733
1107	 -0.525894
1108	 -0.509903
1109	 -0.493744
1110	 -0.477417
1111	 -0.460922
1112	 -0.444260
1113	 -0.427414
1114	 -0.410400
1115	 -0.393204
1116	 -0.375824
1117	 -0.358261
1118	 -0.340515
1119	 -0.322586
1120	 -0.304474
1121	 -0.286163
1122	 -0.267670
1123	 -0.248978
1124	 -0.230087
1125	 -0.210999
1126	 -0.191711
1127	 -0.172226
1128	 -0.152527
1129	 -0.132629
1130	 -0.112518
1131	 -0.092209
1132	 -0.071686
1133	 -0.050949
1134	 -0.030014
1135	 -0.008865
1136	 0.012497
1137	 0.034073
1138	 0.055862
1139	 0.077866
1140	 0.100082
1141	 0.122513
1142	 0.145142
1143	 0.167984
1144	 0.191040
1145	 0.214294
1146	 0.237762
1147	 0.261429
1148	 0.285294
1149	 0.309357
1150	 0.333618
1151	 0.358063
1152	 0.382690
1153	 0.407501
1154	 0.432495
1155	 0.457657
1156	 0.482986
1157	 0.508469
1158	 0.534103
1159	 0.559891
1160	 0.585815
1161	 0.611862
1162	 0.638031
1163	 0.664307
1164	 0.690689
1165	 0.717148
1166	 0.743698
1167	 0.770309
1168	 0.796967
1169	 0.823669
1170	 0.850403
1171	 0.877151
1172	 0.903900
1173	 0.930634
1174	 0.957336
1175	 0.983994
1176	 1.010605
1177	 1.037140
1178	 1.063583
1179	 1.089905
1180	 1.116104
1181	 1.142166
1182	 1.168060
1183	 1.193771
1184	 1.219299
1185	 1.244614
1186	 1.269699
1187	 1.294525
1188	 1.319092
1189	 1.343384
1190	 1.367371
1191	 1.391037
1192	 1.414383
1193	 1.437378
1194	 1.460022
1195	 1.482285
1196	 1.504166
1197	 1.525650
1198	 1.546722
1199	 1.567368
1200	 1.587570
1201	 1.607330
1202	 1.626648
1203	 1.645493
1204	 1.663879
1205	 1.681793
1206	 1.699219
1207	 1.716156
1208	 1.732605
1209	 1.748566
1210	 1.764038
1211	 1.779007
1212	 1.793488
1213	 1.807480
1214	 1.820969
1215	 1.833969
1216	 1.846481
1217	 1.858521
1218	 1.870071
1219	 1.881149
1220	 1.891754
1221	 1.901901
1222	 1.911591
1223	 1.920822
1224	 1.929611
1225	 1.937958
1226	 1.945877
1227	 1.953369
1228	 1.960449
1229	 1.967133
1230	 1.973419
1231	 1.979324
1232	 1.984848
1233	 1.990005
1234	 1.994797
1235	 1.999237
1236	 2.003342
1237	 2.007111
1238	 2.010559
1239	 2.013687
1240	 2.016510
1241	 2.019043
1242	 2.021286
1243	 2.023254
1244	 2.024948
1245	 2.026382
1246	 2.027557
1247	 2.028488
1248	 2.029175
1249	 2.029633
1250	 2.029861
1251	 2.029877
1252	 2.029678
1253	 2.029282
1254	 2.028687
1255	 2.027893
1256	 2.026917
1257	 2.025772
1258	 2.024445
1259	 2.022949
1260	 2.021301
1261	 2.019501
1262	 2.017548
1263	 2.015442
1264	 2.013199
1265	 2.010818
1266	 2.008301
1267	 2.005661
1268	 2.002899
1269	 2.000015
1270	 1.997009
1271	 1.993896
1272	 1.990662
1273	 1.987320
1274	 1.983887
1275	 1.980347
1276	 1.976715
1277	 1.972992
1278	 1.969177
1279	 1.965271
1280	 1.961273
1281	 1.957199
1282	 1.953033
1283	 1.948792
1284	 1.944473
1285	 1.940079
1286	 1.935608
1287	 1.931061
1288	 1.926453
1289	 1.921768
1290	 1.917023
1291	 1.912216
1292	 1.907333
1293	 1.902390
1294	 1.897385
1295	 1.892319
1296	 1.887192
1297	 1.882019
1298	 1.876785
1299	 1.871490
1300	 1.866150
1301	 1.860748
1302	 1.855301
1303	 1.849792
1304	 1.844238
1305	 1.838638
1306	 1.832977
1307	 1.827271
1308	 1.821518
1309	 1.815720
1310	 1.809875
1311	 1.803986
1312	 1.798035
1313	 1.792038
1314	 1.785995
1315	 1.779907
1316	 1.773773
1317	 1.767609
1318	 1.761398
1319	 1.755142
1320	 1.748840
1321	 1.742493
1322	 1.736099
1323	 1.729660
1324	 1.723175
1325	 1.716644
1326	 1.710083
1327	 1.703476
1328	 1.696823
1329	 1.690125
1330	 1.683380
1331	 1.676590
1332	 1.669769
1333	 1.662903
1334	 1.655991
1335	 1.649033
1336	 1.642029
1337	 1.634979
1338	 1.627884
1339	 1.620758
1340	 1.613586
1341	 1.606369
1342	 1.599106
1343	 1.591797
1344	 1.584442
1345	 1.577042
1346	 1.569595
1347	 1.562103
1348	 1.554565
1349	 1.546982
1350	 1.539352
1351	 1.531677
1352	 1.523956
1353	 1.516174
1354	 1.508347
1355	 1.500473
1356	 1.492554
1357	 1.484573
1358	 1.476547
1359	 1.468475
1360	 1.460358
1361	 1.452179
1362	 1.443954
1363	 1.435669
1364	 1.427338
1365	 1.418945
1366	 1.410507
1367	 1.402008
1368	 1.393448
1369	 1.384842
1370	 1.376175
1371	 1.367447
1372	 1.358673
1373	 1.349838
1374	 1.340942
1375	 1.331985
1376	 1.322968
1377	 1.313889
1378	 1.304749
1379	 1.295547
1380	 1.286270
1381	 1.276932
1382	 1.267532
1383	 1.258057
1384	 1.248520
1385	 1.238907
1386	 1.229233
1387	 1.219482
1388	 1.209671
1389	 1.199783
1390	 1.189819
1391	 1.179779
1392	 1.169662
1393	 1.159470
1394	 1.149200
1395	 1.138855
1396	 1.128433
1397	 1.117935
1398	 1.107346
1399	 1.096680
1400	 1.085922
1401	 1.075089
1402	 1.064163
1403	 1.053146
1404	 1.042038
1405	 1.030838
1406	 1.019547
1407	 1.008163
1408	 0.996689
1409	 0.985123
1410	 0.973450
1411	 0.961685
1412	 0.949814
1413	 0.937851
1414	 0.925781
1415	 0.913605
1416	 0.901321
1417	 0.888931
1418	 0.876419
1419	 0.863800
1420	 0.851074
1421	 0.838226
1422	 0.825256
1423	 0.812180
1424	 0.798981
1425	 0.785660
1426	 0.772202
1427	 0.758621
1428	 0.744919
1429	 0.731079
1430	 0.717102
1431	 0.703003
1432	 0.688766
1433	 0.674393
1434	 0.659866
1435	 0.645203
1436	 0.630386
1437	 0.615433
1438	 0.600327
1439	 0.585068
1440	 0.569656
1441	 0.554092
1442	 0.538361
1443	 0.522476
1444	 0.506424
1445	 0.490204
1446	 0.473816
1447	 0.457260
1448	 0.440536
1449	 0.423645
1450	 0.406570
1451	 0.389313
1452	 0.371887
1453	 0.354279
1454	 0.336472
1455	 0.318481
1456	 0.300308
1457	 0.281937
1458	 0.263382
1459	 0.244629
1460	 0.225677
1461	 0.206528
1462	 0.187180
1463	 0.167618
1464	 0.147858
1465	 0.127899
1466	 0.107727
1467	 0.087341
1468	 0.066757
1469	 0.045959
1470	 0.024948
1471	 0.003723
1472	 -0.017715
1473	 -0.039352
1474	 -0.061203
1475	 -0.083267
1476	 -0.105545
1477	 -0.128036
1478	 -0.150742
1479	 -0.173660
1480	 -0.196777
1481	 -0.220108
1482	 -0.243637
1483	 -0.267365
1484	 -0.291290
1485	 -0.315414
1486	 -0.339737
1487	 -0.364243
1488	 -0.388947
1489	 -0.413818
1490	 -0.438873
1491	 -0.464096
1492	 -0.489487
1493	 -0.515030
1494	 -0.540726
1495	 -0.566559
1496	 -0.592529
1497	 -0.618622
1498	 -0.644836
1499	 -0.671158
1500	 -0.697571
1501	 -0.724075
1502	 -0.750656
1503	 -0.777298
1504	 -0.804001
1505	 -0.830734
1506	 -0.857498
1507	 -0.884262
1508	 -0.911026
1509	 -0.937775
1510	 -0.964493
1511	 -0.991165
1512	 -1.017776
1513	 -1.044296
1514	 -1.070724
1515	 -1.097046
1516	 -1.123230
1517	 -1.149261
1518	 -1.175125
1519	 -1.200821
1520	 -1.226303
1521	 -1.251572
1522	 -1.276611
1523	 -1.301392
1524	 -1.325912
1525	 -1.350143
1526	 -1.374069
1527	 -1.397675
1528	 -1.420944
1529	 -1.443863
1530	 -1.466431
1531	 -1.488617
1532	 -1.510406
1533	 -1.531799
1534	 -1.552780
1535	 -1.573334
1536	 -1.593445
1537	 -1.613113
1538	 -1.632324
1539	 -1.651062
1540	 -1.669342
1541	 -1.687134
1542	 -1.704453
1543	 -1.721283
1544	 -1.737625
1545	 -1.753479
1546	 -1.768829
1547	 -1.783691
1548	 -1.798050
1549	 -1.811920
1550	 -1.825302
1551	 -1.838196
1552	 -1.850601
1553	 -1.862518
1554	 -1.873962
1555	 -1.884918
1556	 -1.895416
1557	 -1.905441
1558	 -1.915009
1559	 -1.924133
1560	 -1.932816
1561	 -1.941055
1562	 -1.948868
1563	 -1.956268
1564	 -1.963257
1565	 -1.969849
1566	 -1.976044
1567	 -1.981857
1568	 -1.987289
1569	 -1.992355
1570	 -1.997070
1571	 -2.001434
1572	 -2.005463
1573	 -2.009155
1574	 -2.012527
1575	 -2.015594
1576	 -2.018356
1577	 -2.020813
1578	 -2.022995
1579	 -2.024902
1580	 -2.026535
1581	 -2.027908
1582	 -2.029022
1583	 -2.029892
1584	 -2.030533
1585	 -2.030945
1586	 -2.031128
1587	 -2.031097
1588	 -2.030853
1589	 -2.030411
1590	 -2.029770
1591	 -2.028946
1592	 -2.027939
1593	 -2.026749
1594	 -2.025391
1595	 -2.023865
1596	 -2.022186
1597	 -2.020355
1598	 -2.018372
1599	 -2.016235
1600	 -2.013962
1601	 -2.011551
1602	 -2.009018
1603	 -2.006348
1604	 -2.003555
1605	 -2.000656
1606	 -1.997635
1607	 -1.994507
1608	 -1.991272
1609	 -1.987930
1610	 -1.984482
1611	 -1.980927
1612	 -1.977280
1613	 -1.973541
1614	 -1.969711
1615	 -1.965790
1616	 -1.961792
1617	 -1.957703
1618	 -1.953537
1619	 -1.949295
1620	 -1.944977
1621	 -1.940582
1622	 -1.936111
1623	 -1.931564
1624	 -1.926956
1625	 -1.922272
1626	 -1.917526
1627	 -1.912720
1628	 -1.907852
1629	 -1.902908
1630	 -1.897919
1631	 -1.892868
1632	 -1.887756
1633	 -1.882584
1634	 -1.877350
1635	 -1.872070
1636	 -1.866730
1637	 -1.861343
1638	 -1.855896
1639	 -1.850403
1640	 -1.844849
1641	 -1.839249
1642	 -1.833603
1643	 -1.827911
1644	 -1.822174
1645	 -1.816376
1646	 -1.810532
1647	 -1.804642
1648	 -1.798706
1649	 -1.792725
1650	 -1.786697
1651	 -1.780624
1652	 -1.774506
1653	 -1.768341
1654	 -1.762131
1655	 -1.755890
1656	 -1.749603
1657	 -1.743271
1658	 -1.736893
1659	 -1.730469
1660	 -1.723999
1661	 -1.717484
1662	 -1.710938
1663	 -1.704346
1664	 -1.697708
1665	 -1.691025
1666	 -1.684296
1667	 -1.677536
1668	 -1.670731
1669	 -1.663879
1670	 -1.656982
1671	 -1.650040
1672	 -1.643051
1673	 -1.636017
1674	 -1.628952
1675	 -1.621841
1676	 -1.614685
1677	 -1.607483
1678	 -1.600235
1679	 -1.592941
1680	 -1.585602
1681	 -1.578217
1682	 -1.570786
1683	 -1.563309
1684	 -1.555786
1685	 -1.548218
1686	 -1.540604
1687	 -1.532944
1688	 -1.525238
1689	 -1.517487
1690	 -1.509689
1691	 -1.501831
1692	 -1.493927
1693	 -1.485977
1694	 -1.477982
1695	 -1.469925
1696	 -1.461823
1697	 -1.453674
1698	 -1.445465
1699	 -1.437210
1700	 -1.428894
1701	 -1.420532
1702	 -1.412109
1703	 -1.403641
1704	 -1.395111
1705	 -1.386536
1706	 -1.377899
1707	 -1.369202
1708	 -1.360443
1709	 -1.351624
1710	 -1.342758
1711	 -1.333832
1712	 -1.324844
1713	 -1.315796
1714	 -1.306686
1715	 -1.297501
1716	 -1.288254
1717	 -1.278946
1718	 -1.269577
1719	 -1.260132
1720	 -1.250626
1721	 -1.241058
1722	 -1.231415
1723	 -1.221695
1724	 -1.211914
1725	 -1.202057
1726	 -1.192123
1727	 -1.182114
1728	 -1.172043
1729	 -1.161896
1730	 -1.151672
1731	 -1.141357
1732	 -1.130966
1733	 -1.120499
1734	 -1.109955
1735	 -1.099319
1736	 -1.088608
1737	 -1.077805
1738	 -1.066925
1739	 -1.055954
1740	 -1.044891
1741	 -1.033737
1742	 -1.022491
1743	 -1.011154
1744	 -0.999725
1745	 -0.988190
1746	 -0.976562
1747	 -0.964844
1748	 -0.953018
1749	 -0.941086
1750	 -0.929062
1751	 -0.916931
1752	 -0.904694
1753	 -0.892349
1754	 -0.879898
1755	 -0.867325
1756	 -0.854645
1757	 -0.841843
1758	 -0.828934
1759	 -0.815903
1760	 -0.802750
1761	 -0.789474
1762	 -0.776077
1763	 -0.762558
1764	 -0.748901
1765	 -0.735123
1766	 -0.721207
1767	 -0.707153
1768	 -0.692963
1769	 -0.678635
1770	 -0.664169
1771	 -0.649567
1772	 -0.634811
1773	 -0.619919
1774	 -0.604874
1775	 -0.589676
1776	 -0.574326
1777	 -0.558823
1778	 -0.543167
1779	 -0.527344
1780	 -0.511368
1781	 -0.495224
1782	 -0.478912
1783	 -0.462433
1784	 -0.445786
1785	 -0.428955
1786	 -0.411957
1787	 -0.394775
1788	 -0.377411
1789	 -0.359863
1790	 -0.342133
1791	 -0.324219
1792	 -0.306122
1793	 -0.287827
1794	 -0.269348
1795	 -0.250671
1796	 -0.231796
1797	 -0.212723
1798	 -0.193451
1799	 -0.173981
1800	 -0.154312
1801	 -0.134430
1802	 -0.114349
1803	 -0.094055
1804	 -0.073547
1805	 -0.052841
1806	 -0.031921
1807	 -0.010788
1808	 0.010559
1809	 0.032120
1810	 0.053894
1811	 0.075882
1812	 0.098068
1813	 0.120468
1814	 0.143082
1815	 0.165909
1816	 0.188950
1817	 0.212189
1818	 0.235641
1819	 0.259293
1820	 0.283142
1821	 0.307190
1822	 0.331436
1823	 0.355865
1824	 0.380478
1825	 0.405273
1826	 0.430252
1827	 0.455399
1828	 0.480713
1829	 0.506180
1830	 0.531799
1831	 0.557571
1832	 0.583481
1833	 0.609512
1834	 0.635666
1835	 0.661926
1836	 0.688293
1837	 0.714752
1838	 0.741287
1839	 0.767899
1840	 0.794556
1841	 0.821259
1842	 0.847992
1843	 0.874741
1844	 0.901489
1845	 0.928223
1846	 0.954941
1847	 0.981613
1848	 1.008224
1849	 1.034760
1850	 1.061203
1851	 1.087540
1852	 1.113754
1853	 1.139832
1854	 1.165741
1855	 1.191483
1856	 1.217026
1857	 1.242355
1858	 1.267456
1859	 1.292313
1860	 1.316910
1861	 1.341217
1862	 1.365234
1863	 1.388931
1864	 1.412308
1865	 1.435333
1866	 1.458008
1867	 1.480316
1868	 1.502228
1869	 1.523743
1870	 1.544846
1871	 1.565521
1872	 1.585770
1873	 1.605576
1874	 1.624924
1875	 1.643814
1876	 1.662247
1877	 1.680191
1878	 1.697662
1879	 1.714645
1880	 1.731140
1881	 1.747147
1882	 1.762665
1883	 1.777679
1884	 1.792206
1885	 1.806244
1886	 1.819778
1887	 1.832825
1888	 1.845383
1889	 1.857452
1890	 1.869049
1891	 1.880173
1892	 1.890823
1893	 1.901001
1894	 1.910721
1895	 1.919998
1896	 1.928818
1897	 1.937210
1898	 1.945175
1899	 1.952713
1900	 1.959839
1901	 1.966553
1902	 1.972870
1903	 1.978806
1904	 1.984360
1905	 1.989548
1906	 1.994370
1907	 1.998840
1908	 2.002975
1909	 2.006775
1910	 2.010254
1911	 2.013412
1912	 2.016266
1913	 2.018829
1914	 2.021103
1915	 2.023087
1916	 2.024796
1917	 2.026245
1918	 2.027435
1919	 2.028381
1920	 2.029083
1921	 2.029556
1922	 2.029800
1923	 2.029831
1924	 2.029648
1925	 2.029266
1926	 2.028687
1927	 2.027924
1928	 2.026962
1929	 2.025833
1930	 2.024521
1931	 2.023041
1932	 2.021408
1933	 2.019608
1934	 2.017670
1935	 2.015579
1936	 2.013351
1937	 2.010986
1938	 2.008484
1939	 2.005844
1940	 2.003082
1941	 2.000198
1942	 1.997208
1943	 1.994095
1944	 1.990875
1945	 1.987549
1946	 1.984116
1947	 1.980591
1948	 1.976959
1949	 1.973236
1950	 1.969421
1951	 1.965515
1952	 1.961533
1953	 1.957458
1954	 1.953308
1955	 1.949066
1956	 1.944748
1957	 1.940353
1958	 1.935898
1959	 1.931366
1960	 1.926758
1961	 1.922089
1962	 1.917343
1963	 1.912537
1964	 1.907669
1965	 1.902740
1966	 1.897751
1967	 1.892700
1968	 1.887589
1969	 1.882416
1970	 1.877182
1971	 1.871902
1972	 1.866562
1973	 1.861160
1974	 1.855713
1975	 1.850220
1976	 1.844666
1977	 1.839066
1978	 1.833420
1979	 1.827713
1980	 1.821960
1981	 1.816162
1982	 1.810318
1983	 1.804428
1984	 1.798492
1985	 1.792511
1986	 1.786484
1987	 1.780411
1988	 1.774292
1989	 1.768127
1990	 1.761917
1991	 1.755661
1992	 1.749359
1993	 1.743011
1994	 1.736618
1995	 1.730179
1996	 1.723709
1997	 1.717194
1998	 1.710632
1999	 1.704025

Simulation finished.
